1. L:
1.000000 0.000000 0.000000 0.000000
0.285714 1.000000 0.000000 0.000000
-0.000000 0.265823 1.000000 0.000000
0.857143 0.430380 -0.019802 1.000000

U:
-7.000000 8.000000 2.000000 5.000000
0.000000 -11.285714 -3.571429 5.571429
0.000000 0.000000 8.949367 -4.481013
0.000000 0.000000 0.000000 -6.772277

2. L * U:
-7.000000 8.000000 2.000000 5.000000
-2.000000 -9.000000 -3.000000 7.000000
0.000000 -3.000000 8.000000 -3.000000
-6.000000 2.000000 0.000000 0.000000

3. Ax = b:
3.000000 1.000000 -1.000000 -2.000000

4. A^{-1}:
-0.019215 0.019632 -0.183166 -0.012114
-0.057644 0.058897 -0.049499 -0.036341
0.002506 0.062657 -0.073935 0.110276
0.064327 0.108187 -0.147661 -0.002924

5. det(A):
-4788.000000

6. A * A^{-1} = E:
1.000000 0.000000 0.000000 -0.000000
0.000000 1.000000 0.000000 -0.000000
0.000000 0.000000 1.000000 0.000000
-0.000000 0.000000 -0.000000 1.000000

7. L * U = P * A:
L * U:
-7.000000 8.000000 2.000000 5.000000
-2.000000 -9.000000 -3.000000 7.000000
0.000000 -3.000000 8.000000 -3.000000
-6.000000 2.000000 0.000000 0.000000

P * A:
-7.000000 8.000000 2.000000 5.000000
-2.000000 -9.000000 -3.000000 7.000000
0.000000 -3.000000 8.000000 -3.000000
-6.000000 2.000000 0.000000 0.000000
